Process: 8  node : 8852366 
Min: 2.383373  Max: 3.070686  Avg:  2.794343
