Process: 4  node : 8852366 
Min: 3.433688  Max: 4.862309  Avg:  4.105368
