Basic Pipeline with OpenMP
Process: 8  
Min: 164.720044  Max: 165.400423  Avg:  164.980425
