Basic Pipeline with OpenMP
Process: 36  
Min: 107.693990  Max: 264.792025  Avg:  185.820672
