Basic Pipeline with OpenMP
Process: 24  
Min: 115.724723  Max: 140.145202  Avg:  124.087370