Basic Pipeline with OpenMP
Process: 4  
Min: 219.983350  Max: 220.326954  Avg:  220.162922
