Basic Pipeline with OpenMP
Process: 12  
Min: 122.722494  Max: 160.347136  Avg:  150.580242
