Basic Pipeline with OpenMP
Process: 16  
Min: 182.574180  Max: 206.116270  Avg:  194.540448
