Basic Pipeline
Process: 8  (select=4:ncpus=2)
Min: 164.915952  Max: 252.907090  Avg:  208.181116
