Basic Pipeline
Process: 8  (select=2:ncpus=4)
Min: 194.562027  Max: 332.019210  Avg:  262.786649
