Basic Pipeline
Process: 4  
Min: 218.433136  Max: 543.617809  Avg:  381.032459
