Basic Pipeline
Process: 24  
Min: 124.300432  Max: 235.523818  Avg:  178.044296