Basic Pipeline
Process: 12  
Min: 143.721862  Max: 159.521786  Avg:  151.551172
