Basic Pipeline
Process: 16  
Min: 121.873452  Max: 144.076181  Avg:  136.347195
