Basic Pipeline
Process: 36  
Min: 115.840219  Max: 344.948967  Avg:  169.500358
